10006
10007
10009
10010
10011
10058
10088
10091
10093
10132
10139
10166
10173
10182
10192
10201
10205
10214
10216
10221
10222
10228
10231
10233
10239
10241
10242
10248
10252
10253
10260
10262
10263
10267
10270
10273
10279
10284
10285
10291
10292
10297
10301
10304
10307
10326
10345
10350
10353
10357
10359
10361
10362
10369
10375
10380
10381
10382
10387
10389
10394
10395
10400
10407
10410
10415
10416
10418
10419
10420
10421
10423
10424
10425
10427
10430
10431
10434
10435
10436
10440
10442
10444
10445
10447
10448
10449
10452
10454
10455
10457
10458
10460
10462
10463
10464
10466
10471
10475
10476
10477
10478
10480
10482
10484
10486
10487
10488
10489
10492
10493
10495
10497
10498
10499
10501
10503
10504
10505
10507
10508
10510
10512
10513
10514
10516
10517
10524
10527
10528
10531
10534
10535
10537
10543
10544
10545
10548
10549
10551
10554
10556
10558
10559
10560
10561
10565
10567
10572
10574
10577
10580
10582
10587
10588
10589
10592
10593
10594
10596
10597
10599
10600
10601
10605
10606
10607
10609
10610
10613
10614
10616
10619
10620
10624
10625
10628
10631
10636
10637
10640
10644
10647
10648
10650
10653
10655
10656
10659
10660
10663
10664
10665
10669
10670
10674
10675
10677
10678
10679
10688
10689
10695
10697
10704
10709
10710
10714
10715
10717
10718
10722
10723
10728
10731
10734
10735
10738
10739
10740
10742
10745
10747
10749
10751
10754
10758
10761
10763
10775
10780
10781
10783
10785
10788
10789
10790
10793
10797
10805
10807
10809
10810
10813
10816
10821
10824
10828
10829
10831
10834
10835
10836
10838
10841
10850
10858
10862
10864
10865
10867
10869
10871
10872
10873
10874
10875
10876
10879
10880
10884
10885
10891
10901
10907
10908
10913
10914
10919
10920
10921
10923
10924
10926
10928
10930
10932
10933
10938
10939
10941
10942
10945
10946
10948
10950
10952
10953
10955
10956
10957
10959
10960
10961
10962
10964
10967
10971
10973
10975
10977
10980
10981
10983
10988
10992
10994
10995
11001
11002
11008
11009
11011
11015
11016
11018
11021
11023
11028
11030
11033
11038
11039
11040
11045
11048
11050
11051
11053
11057
11059
11063
11067
11069
11075
11083
11085
11088
11090
11092
11095
11098
11100
11101
11106
11107
11108
11114
11116
11118
11121
11126
11131
11139
11142
11147
11149
11153
11159
11160
11167
11187
11193
11196
11209
11214
11216
11219
11222
11226
11235
11238
11244
11245
11246
11249
11250
11252
11253
11254
11255
11256
11259
11263
11267
11273
11274
11275
11282
11283
11285
11289
11290
11291
11293
11295
11298
11299
11301
11302
11304
11305
11307
11309
11311
11315
11318
11319
11321
11323
11324
11328
11330
11332
11333
11337
11339
11340
11341
11343
11344
11346
11348
11349
11350
11351
11353
11354
11357
11359
11363
11364
11368
11374
11377
11381
11388
11395
11396
11412
11417
11418
11423
11430
11433
11440
11442
11443
11450
11454
11461
11470
11488
11489
11493
11498
11499
11505
11507
11518
11519
11520
11523
11526
11527
11528
11531
11534
11535
11536
11538
11544
11546
11550
11553
11557
11561
11563
11566
11567
11568
11570
11575
11576
11579
11580
11584
11585
11587
11590
11591
11593
11595
11596
11597
11598
11602
11606
11607
11610
11613
11614
11616
11617
11618
11619
11624
11631
11636
11637
11641
11645
11651
11655
11662
11670
11675
11684
11690
11698
11704
11708
11732
11736
11746
11748
11751
11756
11762
11776
11778
11786
11806
11807
11810
11824
11834
11846
11852
11864
11882
11888
11890
11893
11898
11904
11908
11917
11921
11925
11933
11946
11963
11970
11971
11977
11988
11989
11995
11997
12002
12004
12005
12011
12020
12024
12030
12033
12034
12039
12040
12047
12052
12059
12061
12067
12075
12080
12082
12089
12095
12098
12101
12102
12108
12112
12115
12118
12122
12125
12132
12133
12134
12141
12144
12147
12149
12153
12154
12161
12163
12164
12167
12169
12170
12171
12172
12174
12175
12177
12179
12180
12181
12182
12184
12187
12188
12189
12190
12191
12193
12194
12195
12203
12212
12214
12215
12218
12219
12226
12227
12228
12234
12235
12237
12239
12240
12243
12244
12246
12247
12250
12251
12252
12253
12255
12258
12259
12260
12268
12273
12274
12275
12278
12280
12284
12285
12286
12287
12288
12289
12291
12292
12295
12298
12299
12300
12302
12303
12304
12305
12311
12312
12315
12317
12318
12324
12326
12327
12330
12332
12336
12338
12341
12342
12345
12347
12348
12352
12357
12358
12359
12362
12364
12369
12370
12374
12376
12380
12382
12383
12388
12389
12390
12395
12400
12406
12409
12410
12411
12412
12416
12418
12419
12422
12425
12426
12427
12429
12430
12431
12436
12437
12438
12442
12451
12452
12456
12457
12462
12472
12481
12489
12492
12498
12501
12505
12510
12511
12517
12518
12527
12528
12532
12536
12545
12546
12549
12550
12554
12559
12564
12568
12575
12578
12580
12587
12593
12594
12597
12599
12603
12609
12612
12613
12617
12620
12624
12625
12633
12638
12641
12646
12647
12650
12651
12656
12661
12662
12670
12673
12677
12680
12681
12685
12686
12690
12692
12696
12697
12700
12701
12703
12704
12705
12713
12714
12715
12717
12718
12720
12722
12723
12727
12728
12731
12732
12733
12734
12736
12737
12738
12741
12743
12744
12746
12749
12750
12751
12752
12754
12755
12756
12757
12759
12760
12762
12764
12765
12766
12768
12769
12772
12774
12778
12779
12781
12782
12785
12786
12789
12791
12792
12799
12801
12803
12804
12806
12808
12809
12810
12812
12813
12815
12816
12819
12820
12821
12823
12824
12825
12826
12827
12830
12831
12832
12834
12836
12838
12839
12840
12843
12845
12848
12852
12855
12867
12871
12873
12877
12880
12883
12886
12889
12891
12907
12908
12910
12913
12915
12916
12918
12921
12925
12928
12933
12939
12942
12944
12947
12950
12953
12955
12958
12966
12967
12969
12971
12974
12991
12995
12996
13000
13004
13006
13007
13009
13012
13014
13015
13017
13020
13022
13026
13028
13031
13032
13033
13041
13043
13046
13048
13050
13051
13054
13056
13058
13061
13066
13069
13070
13071
13073
13076
13077
13079
13081
13083
13084
13086
13087
13088
13089
13091
13092
13093
13094
13095
13096
13099
13101
13103
13104
13105
13106
13107
13108
13109
13112
13113
13114
13116
13117
13118
13120
13121
13124
13125
13127
13130
13132
13133
13142
13144
13146
13150
13152
13154
13156
13158
13163
13177
13179
13184
13187
13188
13191
13196
13198
13200
13204
13206
13216
13218
13220
13221
13223
13224
13225
13226
13227
13228
13230
13236
13243
13247
13248
13249
13254
13256
13258
13260
13262
13265
13270
13272
13273
13274
13275
13276
13288
13297
13298
13299
13300
13301
13302
13303
13304
13305
13306
13307
13308
13309
13312
13314
13315
13316
13317
13318
13319
13320
13321
13322
13323
13324
13326
13333
13335
13336
13342
13344
13351
13355
13366
13375
13379
13382
13395
13397
13402
13406
13410
13413
13417
13419
13427
13447
13449
13468
13470
13472
13477
13490
13507
13509
13511
13516
13518
13530
13532
13549
13551
13552
13554
13556
13558
13562
13575
13577
13579
13585
13587
13619
13640
13642
13644
13646
13648
13654
13657
13666
13667
13668
13670
13674
13680
13681
13689
13698
13699
13701
13703
13705
13706
13708
13710
13711
13713
13714
13715
13717
13718
13719
13721
13722
13723
13725
13728
13730
13732
13734
13739
13741
13742
13743
13745
13747
13749
13759
13760
13761
13762
13763
13764
13765
13766
13767
13768
13772
13773
13774
13777
13783
13786
13787
13789
13800
13802
13806
13807
13808
13809
13812
13815
13821
13823
13827
13828
13832
13848
13849
13850
13851
13852
13853
13854
13855
13856
13858
13859
13860
13863
13864
13865
13870
13871
13873
13875
13876
13877
13878
13879
13880
13881
13882
13883
13884
13885
13886
13887
13888
13889
13890
13891
13892
13893
13906
13907
13908
13909
13910
13911
13912
13913
13914
13915
13916
13917
13918
13919
13920
13921
13922
13923
13924
13941
13942
13943
13944
13945
13946
13947
13948
13949
13950
13951
13952
13953
13954
13955
13956
13957
13958
13959
13960
13961
13962
13963
13965
13966
13968
13969
13970
13971
13972
13977
13978
13979
13980
13981
13982
13988
13990
13991
13996
13997
13998
14004
14005
14007
14009
14015
14016
14017
14035
14042
14043
14045
14053
14056
14057
14060
14061
14063
14065
14070
14072
14073
14074
14078
14079
14086
14093
14095
14097
14103
14104
14105
14107
14108
14110
14112
14113
14123
14125
14131
14133
14135
14136
14138
14141
14144
14145
14148
14150
14154
14159
14163
14166
14170
14174
14176
14178
14179
14182
14183
14185
14186
14189
14191
14192
14193
14194
14195
14196
14197
14200
14202
14205
14208
14210
14211
14212
14214
14217
14218
14219
14220
14221
14223
14230
14231
14233
14234
14235
14236
14237
14240
14241
14242
14245
14246
14248
14249
14250
14252
14258
14260
14261
14262
14263
14265
14267
14268
14270
14274
14275
14277
14278
14279
14285
14288
14289
14290
14291
14296
14298
14299
14301
14306
14308
14315
14321
14325
14329
14331
14337
14347
14348
14350
14352
14359
14360
14361
14362
14364
14365
14366
14367
14368
14369
14370
14382
14384
14385
14404
14406
14413
14414
14415
14416
14417
14418
14419
14423
14434
14438
14446
14447
14449
14476
14477
14478
14479
14481
14483
14491
14492
14495
14499
14506
14508
14510
14511
14513
14515
14518
14519
14520
14522
14523
14525
14526
14528
14532
14533
14534
14536
14537
14540
14542
14545
14547
14548
14549
14550
14551
14552
14559
14562
14564
14565
14567
14569
14572
14573
14575
14577
14579
14584
14586
14587
14588
14591
14601
14604
14605
14613
14624
14626
14630
14638
14639
14641
14645
14656
14658
14668
14682
14684
14697
14700
14713
14714
14715
14716
14717
14718
14720
14722
14723
14724
14725
14730
14736
14741
14743
14748
14763
14765
14767
14768
14769
14771
14772
14777
14778
14785
14788
14791
14792
14795
14799
14801
14804
14805
14806
14807
14809
14810
14823
14825
14826
14827
14828
14838
14857
14859
14860
14863
14865
14869
14870
14872
14874
14875
14878
14880
14897
14901
14914
14918
14923
14924
14927
14928
14929
14941
14942
14945
14946
14948
14950
14951
14960
14966
14968
14969
14970
14971
14972
14973
14985
14986
14987
14989
14995
14997
14998
15000
15001
15002
15004
15013
15015
15016
15018
15020
15022
15023
15025
15026
15027
15030
15033
15034
15037
15039
15040
15041
15042
15045
15046
15048
15049
15051
15052
15053
15055
15058
15060
15062
15064
15065
15066
15068
15069
15070
15071
15079
15081
15086
15087
15089
15091
15094
15095
15097
15098
15099
15100
15103
15105
15106
15108
15109
15116
15125
15126
15127
15130
15132
15133
15137
15139
15141
15148
15151
15154
15158
15162
15169
15171
15172
15174
15176
15178
15179
15180
15181
15183
15184
15185
15186
15187
15189
15198
15199
15200
15202
15203
15206
15208
15209
15228
15231
15254
15274
15287
15288
15293
15307
15328
15338
15349
15351
15352
15357
15365
15369
15371
15373
15376
15388
15402
15405
15409
15427
15428
15439
15440
15459
15460
15461
15462
15464
15466
15467
15468
15488
15499
15501
15504
15507
15509
15520
15522
15523
15524
15534
15535
15538
15539
15541
15543
15545
15546
15552
15553
15554
15555
15558
15567
15574
15581
15584
15587
15592
15593
15612
15635
15658
15673
15675
15685
15686
15699
15701
15704
15706
15707
15712
15719
15721
15723
15725
15727
15729
15730
15731
15732
15734
15735
15736
15737
15738
15747
15759
15760
15761
15762
15763
15764
15766
15767
15768
15769
15770
15779
15782
15791
15792
15793
15796
15797
15798
15799
15801
15803
15810
15811
15812
15813
15814
15815
15821
15829
15832
15835
15837
15839
15844
15847
15851
15861
15863
15869
15871
15872
15873
15878
15901
15904
15908
15912
15913
15916
15917
15919
15920
15922
15924
15930
15939
15951
15952
15958
15960
15961
15963
15965
15972
15981
15983
15985
15987
15989
15990
15991
15993
15994
15999
16000
16001
16002
16006
16011
16012
16013
16014
16015
16016
16018
16021
16022
16028
16034
16041
16050
16084
16095
16104
16109
16113
16118
16122
16124
16125
16126
16128
16133
16138
16162
16170
16178
16180
16183
16186
16188
16190
16215
16224
16243
16249
16256
16257
16258
16262
16265
16266
16267
16272
16274
16282
16303
16312
16325
16347
16435
16445
16446
16452
16453
16466
16479
16485
16488
16493
16498
16505
16508
16510
16521
16523
16527
16528
16529
16530
16533
16544
16547
16549
16551
16553
16554
16571
16578
16585
16592
16622
16623
16732
16737
16738
16739
16743
16744
16745
16756
16764
16765
16769
16770
16787
16788
16790
16791
16792
16795
16807
16810
16816
16820
16824
16825
16829
16830
16836
16840
16841
16842
16851
16852
16854
16855
16856
16857
16858
16859
16860
16863
16866
16869
16871
16872
16873
16874
16884
16886
16892
16893
16896
16897
16899
16900
16901
16902
16906
16907
16908
16915
16920
16922
16927
16928
16929
16953
16956
16957
16959
16964
16969
16978
16982
16983
16989
16990
16992
17004
17006
17015
17020
17021
17024
17025
17026
17027
17030
17045
17048
17050
17051
17056
17059
17072
17079
17097
17099
17101
17102
17108
17113
17114
17117
17118
17121
17123
17126
17145
17156
17166
17181
17184
17189
17190
17192
17193
17194
17196
17197
17198
17199
17200
17210
17235
17239
17240
17241
17251
17253
17257
17258
17259
17260
17263
17266
17267
17268
17273
17275
17276
17280
17282
17286
17287
17288
17289
17290
17299
17301
17302
17304
17305
17307
17308
17309
17310
17312
17314
17315
17316
17317
17318
17320
17321
17322
17323
17324
17328
17350
17353
17354
17355
17356
17358
17359
17364
17370
17381
17383
17395
17397
17399
17405
17407
17410
17422
17423
17425
17427
17439
17441
17447
17460
17464
17472
17475
17476
17477
17479
17481
17482
17488
17494
17506
17527
17529
17530
17531
17532
17533
17534
17535
17537
17541
17542
17544
17545
17546
17547
17548
17550
17551
17552
17553
17554
17555
17567
17571
17574
17579
17583
17584
17603
17604
17610
17614
17615
17618
17619
17624
17628
17644
17648
17649
17654
17658
17667
17669
17673
17674
17680
17681
17683
17687
17693
17695
17696
17704
17755
17771
17772
17801
17813
17815
17819
17820
17822
17826
17834
17838
17840
17842
17853
17857
17865
17871
17874
17884
17888
17900
17904
17911
17912
17913
17914
17920
17927
17931
17933
17940
17944
17947
17950
17951
17952
17956
17963
17964
17965
17966
17986
17987
17991
18005
18007
18009
18010
18011
18012
18013
18015
18016
18017
18018
18019
18020
18021
18044
18061
18064
18065
18068
18070
18071
18076
18077
18080
18082
18087
18096
18100
18105
18106
18112
18114
18119
18120
18122
18136
18149
18153
18155
18156
18157
18159
18160
18161
18162
18166
18169
18176
18177
18182
18184
18227
18342
18368
18369
18372
18374
18377
18378
18379
18380
18381
18382
18383
18385
18386
18387
18388
18389
18390
18391
18392
18393
18396
18403
18404
18406
18408
18409
18410
18417
18419
18427
18428
18432
18433
18434
18435
18436
18438
18439
18440
18441
18444
18445
18446
18447
18448
18450
18451
18452
18453
18454
18456
18457
18458
18459
18463
18465
18467
18468
18476
18479
18484
18490
18495
18496
18497
18499
18500
18501
18502
18503
18504
18505
18506
18507
18508
18509
18512
18514
18516
18518
18520
18522
18524
18526
18530
18531
18562
18564
18574
18580
18581
18583
18584
18585
18586
18587
18588
18590
18591
18594
18595
18596
18597
18600
18602
18603
18606
18609
18611
18612
18613
18614
18615
18616
18619
18624
18627
18629
18631
18632
18633
18634
18635
18636
18641
18645
18647
18652
18653
18656
18658
18659
18661
18665
18675
18676
18697
18702
18703
18718
18719
18723
18742
18743
18744
18745
18748
18749
18750
18751
18752
18764
18768
18769
18770
18772
18774
18776
18779
18780
18781
18782
18783
18785
18786
18787
18788
18789
18790
18794
18799
18814
18815
18819
18823
18824
18825
18844
18845
18846
18875
18879
18898
18915
18918
18919
18929
18941
18950
18951
18956
18957
18958
18959
18966
18969
18970
18981
18983
18985
18986
18987
18988
18993
18997
18998
19007
19010
19015
19017
19018
19027
19031
19040
19041
19044
19047
19049
19050
19051
19052
19055
19056
19059
19069
19071
19075
19078
19084
19095
19098
19101
19102
19109
19120
19121
19122
19124
19125
19126
19127
19128
19130
19131
19133
19134
19136
19138
19155
19156
19171
19173
19188
19196
19205
19216
19217
19218
19244
19245
19247
19249
19258
19263
19275
19277
19278
19280
19291
19293
19296
19313
19318
19324
19325
19327
19328
19329
19331
19332
19335
19341
19346
19350
19351
19352
19356
19360
19366
19370
19372
19374
19376
19382
19383
19384
19385
19386
19389
19396
19399
19400
19401
19402
19405
19408
19414
19420
19421
19422
19423
19425
19427
19428
19429
19433
19438
19439
19440
19441
19444
19449
19452
19453
19459
19460
19461
19463
19464
19466
19469
19470
19473
19478
19480
19481
19483
19486
19487
19488
19489
19496
19502
19503
19504
19506
19508
19512
19519
19525
19530
19542
19547
19550
19551
19552
19553
19555
19557
19558
19561
19565
19580
19581
19582
19583
19589
19590
19591
19593
19605
19609
19610
19611
19612
19615
19619
19621
19622
19629
19634
19637
19638
19641
19644
19645
19646
19649
19653
19657
19660
19662
19672
19673
19674
19681
19690
19706
19707
19713
19715
19717
19718
19757
19762
19769
19771
19772
19773
19776
19777
19778
19780
19788
19793
19802
19803
19805
19806
19808
19847
19849
19850
19852
19868
19871
19875
19885
19888
19891
19892
19895
19909
19910
19912
19913
19923
19928
19955
19961
19963
19972
19973
19974
19977
19981
19986
19991
19993
19999
20001
20004
20021
20022
20023
20028
20040
20045
20047
20061
20064
20071
20074
20075
20096
20098
20103
20132
20133
20135
20137
20164
20165
20167
20173
20253
20255
20263
20265
20267
20268
20271
20272
20276
20277
20278
20279
20282
20283
20284
20285
20288
20289
20291
20292
20293
20303
20306
20307
20308
20309
20319
20328
20329
20334
20335
20336
20338
20339
20340
20341
20342
20343
20344
20349
20353
20355
20357
20361
20362
20364
20369
20370
20376
20377
20378
20379
20381
20382
20385
20386
20387
20388
20389
20390
20392
20393
20395
20400
20404
20405
20406
20407
20409
20410
20415
20417
20429
20432
20436
20437
20438
20440
20441
20462
20472
20473
20474
20476
20477
20479
20483
20485
20486
20495
20496
20497
20498
20504
20506
20507
20513
20526
20528
20545
20546
20548
20550
20556
20557
20558
20559
20573
20574
20575
20576
20577
20585
20587
20588
20590
20591
20605
20608
20611
20612
20618
20622
20632
20635
20645
20646
20653
20654
20663
20664
20676
20677
20681
20693
20697
20698
20699
20702
20703
20704
20705
20706
20707
20709
20710
20711
20712
20713
20716
20717
20718
20719
20720
20721
20722
20724
20725
20728
20731
20732
20734
20735
20736
20739
20740
20741
20742
20743
20748
20751
20756
20757
20758
20759
20760
20761
20766
20768
20769
20771
20772
20773
20774
20789
20798
20803
20808
20809
20810
20811
20813
20826
20827
20828
20829
20830
20831
20832
20833
20842
20846
20849
20851
20852
20854
20857
20860
20861
20862
20864
20868
20878
20899
20904
20908
20912
20913
20915
20916
20917
20922
20929
20935
20936
20937
20939
20940
20942
20943
20946
20954
20955
20956
20961
20962
20963
20964
20965
20967
20969
20970
20971
20972
20973
20978
20979
20981
20982
20988
20996
20997
21013
21017
21018
21031
21033
21034
21035
21036
21037
21038
21039
21040
21043
21044
21045
21047
21051
21052
21053
21054
21056
21057
21058
21059
21064
21065
21066
21071
21072
21073
21074
21075
21082
21093
21094
21096
21097
21098
21103
21107
21111
21112
21115
21119
21120
21122
21124
21125
21134
21136
21137
21138
21141
21142
21143
21150
21151
21152
21153
21154
21155
21156
21157
21158
21159
21161
21163
21164
21167
21170
21173
21177
21180
21181
21182
21184
21185
21187
21189
21190
21192
21194
21196
21197
21198
21199
21200
21201
21202
21203
21204
21205
21206
21207
21208
21209
21210
21212
21222
21224
21227
21231
21234
21235
21236
21237
21250
21251
21253
21256
21257
21260
21271
21277
21278
21281
21283
21287
21288
21297
21309
21316
21318
21323
21325
21326
21328
21330
21338
21345
21351
21352
21354
21355
21356
21358
21385
21414
21416
21417
21418
21419
21422
21424
21427
21431
21433
21436
21439
21446
21447
21448
21450
21453
21454
21455
21456
21458
21459
21460
21462
21463
21466
21470
21471
21476
21477
21478
21479
21488
21490
21491
21493
21498
21499
21501
21503
21504
21505
21506
21507
21508
21509
21510
21514
21515
21516
21517
21518
21519
21524
21525
21529
21531
21532
21537
21539
21540
21541
21543
21548
21552
21554
21556
21559
21561
21562
21565
21569
21572
21574
21577
21578
21581
21584
21586
21588
21589
21590
21606
21607
21609
21610
21611
21612
21613
21614
21621
21636
21637
21639
21640
21642
21643
21646
21647
21648
21653
21654
21655
21659
21663
21664
21675
21676
21677
21678
21679
21681
21686
21690
21694
21702
21704
21705
21706
21708
21710
21713
21717
21719
21721
21722
21724
21725
21730
21731
21741
21742
21746
21747
21748
21749
21752
21753
21754
21755
21756
21757
21758
21759
21760
21761
21769
21771
21774
21775
21776
21778
21779
21780
21781
21782
21783
21784
21785
21786
21787
21788
21789
21790
21791
21792
21793
21794
21795
21796
21800
21801
21802
21803
21804
21805
21806
21807
21808
21827
21836
21837
21858
21860
21861
21862
21863
21864
21865
21866
21867
21868
21869
21870
21881
21882
21883
21884
21885
21886
21888
21896
21897
21898
21901
21906
21913
21914
21915
21916
21917
21918
21919
21920
21921
21923
21924
21929
21930
21931
21932
21933
21934
21935
21936
21939
21940
21943
21944
21945
21946
21950
21956
21961
21962
21964
21966
21967
21968
21970
21971
21972
21974
21976
21977
21978
22000
22001
22002
22004
22005
22006
22007
22008
22009
22012
22014
22015
22021
22037
22057
22058
22059
22061
22063
22068
22069
22076
22077
22090
22091
22092
22093
22094
22096
22104
22107
22121
22124
22125
22136
22138
22140
22142
22143
22148
22150
22152
22155
22156
22157
22159
22161
22162
22165
22166
22168
22171
22172
22179
22183
22184
22186
22188
22189
22190
22191
22203
22204
22205
22208
22209
22211
22212
22217
22223
22225
22231
22236
22237
22238
22239
22240
22241
22242
22243
22244
22245
22246
22247
22249
22250
22251
22253
22255
22256
22257
22258
22259
22260
22261
22262
22263
22266
22267
22268
22269
22270
22271
22272
22273
22274
22275
22276
22277
22278
22279
22281
22287
22290
22291
22295
22309
22310
22311
22312
22313
22314
22315
22316
22317
22321
22323
22324
22327
22332
22333
22334
22349
22351
22353
22355
22356
22357
22361
22362
22365
22369
22370
22371
22374
22378
22381
22385
22386
22389
22390
22391
22392
22393
22394
22397
22399
22405
22406
22408
22409
22410
22411
22412
22413
22414
22415
22416
22417
22418
22419
22420
22421
22422
22423
22424
22425
22427
22429
22430
22431
22434
22437
22439
22440
22441
22444
22445
22446
22447
22449
22454
22455
22456
22457
22460
22469
22470
22483
22484
22488
22492
22493
22494
22495
22496
22497
22498
22499
22500
22501
22502
22503
22504
22505
22506
22507
22508
22509
22510
22511
22513
22514
22515
22519
22520
22523
22524
22525
22526
22534
22535
22536
22545
22550
22553
22554
22555
22563
22565
22566
22567
22569
22570
22572
22573
22574
22577
22581
22584
22586
22588
22589
22590
22591
22592
22594
22596
22598
22599
22600
22601
22602
22603
22604
22605
22606
22607
22613
22615
22618
22620
22626
22627
22628
22629
22631
22633
22636
22637
22639
22640
22641
22642
22643
22644
22645
22646
22647
22657
22660
22662
22667
22668
22669
22671
22672
22673
22674
22676
22678
22679
22680
22682
22687
22688
22689
22690
22691
22692
22693
22703
22704
22707
22709
22710
22711
22712
22713
22714
22715
22716
22717
22718
22719
22720
22721
22723
22727
22733
22737
22739
22741
22746
22747
22749
22750
22754
22755
22756
22757
22758
22759
22761
22762
22771
22772
22774
22775
22776
22781
22785
22787
22788
22789
22792
22793
22795
22797
22798
22799
22801
22802
22803
22804
22805
22806
22807
22808
22812
22814
22815
22816
22820
22821
22822
22826
22827
22832
22834
22835
22836
22837
22838
22839
22840
22841
22842
22843
22844
22850
22852
22853
22854
22856
22857
22859
22860
22861
22862
22867
22872
22878
22884
22885
22886
22889
22890
22891
22892
22895
22896
22897
22898
22899
22900
22901
22902
22903
22904
22909
22913
22914
22915
22916
22917
22918
22919
22920
22921
22922
22924
22925
22926
22927
22931
22932
22933
22934
22936
22937
22938
22940
22941
22942
22943
22944
22945
22946
22949
22959
22963
22966
22974
22975
22982
22983
22984
22987
22992
22995
22998
22999
23000
23001
23002
23003
23004
23006
23007
23008
23010
23011
23012
23013
23014
23015
23016
23017
23018
23019
23021
23023
23025
23026
23027
23029
23030
23031
23032
23033
23034
23035
23036
23037
23039
23040
23041
23042
23047
23048
23055
23062
23064
23067
23068
23069
23070
23072
23073
23074
23075
23076
23077
23078
23079
23080
23081
23082
23083
23084
23085
23086
23087
23088
23089
23090
23093
23094
23096
23099
23100
23102
23103
23104
23105
23106
23107
23108
23109
23110
23112
23113
23114
23120
23121
23122
23123
23126
23127
23128
23129
23131
23132
23133
23134
23135
23136
23137
23138
23139
23140
23141
23142
23144
23146
23148
23153
23158
23159
23161
23162
23163
23164
23165
23166
23168
23169
23174
23175
23177
23178
23179
23180
23181
23183
23184
23185
23186
23187
23189
23191
23192
23194
23195
23196
23197
23198
23200
23201
23202
23203
23204
23206
23207
23209
23210
23212
23213
23214
23216
23218
23221
23222
23226
23228
23230
23231
23232
23233
23235
23236
23237
23240
23243
23246
23247
23248
23261
23265
23268
23269
23270
23271
23282
23290
23295
23296
23298
23318
23325
23327
23338
23340
23345
23348
23349
23350
23352
23353
23354
23355
23357
23359
23361
23363
23364
23366
23370
23371
23389
23390
23391
23394
23397
23405
23406
23407
23408
23409
23410
23411
23414
23424
23431
23432
23435
23442
23443
23447
23449
23452
23453
23456
23459
23462
23464
23465
23466
23467
23469
23471
23476
23477
23484
23496
23504
23507
23511
23515
23516
23517
23518
23519
23520
23521
23523
23526
23527
23528
23529
23530
23534
23537
23538
23546
23549
23550
23552
23553
23558
23562
23564
23566
23567
23573
23574
23580
23587
23588
23590
23591
23592
23598
23603
23604
23605
23607
23609
23610
23611
23612
23613
23614
23620
23621
23623
23624
23625
23626
23627
23628
23631
23632
23634
23635
23642
23643
23649
23650
23651
23653
23654
23657
23659
23662
23664
23666
23678
23680
23682
23683
23686
23688
23689
23690
23691
23695
23698
23704
23706
23707
23712
23716
23717
23718
23726
23729
23730
23735
23740
23741
23742
23743
23744
23754
23755
23756
23757
23762
23763
23764
23765
23770
23771
23773
23774
23775
23776
23777
23778
23783
23786
23788
23801
23802
23803
23804
23805
23813
23815
23821
23822
23823
23824
23825
23826
23830
23831
23832
23834
23864
23869
23872
23873
23874
23875
23877
23878
23885
23887
23888
23892
23893
23894
23895
23896
23897
23898
23904
23905
23906
23907
23908
23909
23910
23911
23912
23915
23928
23929
23930
23931
23934
23935
23936
23939
23940
23941
23944
23945
23946
23947
23948
23949
23950
23951
23952
23953
23954
23955
23956
23957
23959
23961
23962
23963
23964
23965
23966
23967
23968
23973
23977
23980
23983
23984
23985
23986
23987
23990
23992
23997
24000
24003
24004
24010
24017
24018
24019
24020
24021
24022
24023
24024
24025
24026
24027
24028
24029
24030
24031
24032
24033
24034
24038
24040
24048
24049
24050
24051
24055
24056
24057
24058
24060
24061
24062
24063
24064
24066
24067
24069
24070
24072
24073
24074
24076
24077
24078
24079
24080
24081
24082
24083
24084
24085
24087
24088
24089
24093
24095
24097
24099
24100
24101
24106
24107
24108
24110
24112
24113
24114
24115
24116
24117
24118
24119
24122
24123
24124
24125
24126
24127
24130
24131
24132
24133
24134
24135
24136
24137
24138
24139
24140
24141
24143
24144
24145
24146
24148
24149
24152
24153
24154
24155
24156
24157
24158
24162
24163
24166
24167
24169
24170
24171
24177
24178
24179
24183
24184
24186
24187
24188
24191
24192
24194
24195
24196
24198
24200
24204
24209
24214
24215
24216
24221
24223
24224
24226
24228
24229
24230
24232
24234
24236
24237
24240
24241
24244
24245
24246
24247
24249
24250
24251
24253
24254
24259
24261
24262
24263
24264
24267
24268
24269
24273
24274
24275
24276
24277
24285
24286
24287
24288
24289
24290
24291
24293
24294
24297
24299
24301
24302
24304
24305
24307
24308
24309
24310
24313
24316
24317
24318
24321
24322
24323
24327
24328
24329
24330
24332
24333
24335
24336
24341
24346
24349
24350
24354
24356
24358
24359
24365
24366
24367
24368
24376
24386
24388
24390
24391
24392
24393
24395
24396
24403
24404
24405
24406
24407
24408
24411
24412
24413
24414
24415
24417
24419
24420
24421
24422
24423
24427
24429
24432
24433
24434
24435
24441
24442
24443
24444
24445
24446
24447
24448
24450
24451
24452
24453
24454
24456
24457
24458
24459
24460
24461
24462
24463
24464
24465
24466
24467
24468
24470
24471
24472
24473
24474
24476
24479
24482
24483
24486
24491
24493
24496
24497
24498
24500
24502
24503
24504
24505
24506
24508
24509
24510
24511
24512
24513
24515
24516
24517
24518
24519
24521
24523
24524
24528
24532
24533
24539
24540
24542
24546
24547
24549
24550
24551
24553
24557
24558
24560
24561
24562
24564
24566
24567
24568
24569
24570
24571
24572
24573
24575
24577
24579
24582
24585
24587
24588
24589
24590
24591
24593
24597
24598
24601
24605
24609
24613
24618
24619
24620
24621
24622
24625
24626
24627
24628
24630
24631
24632
24633
24634
24638
24640
24641
24642
24643
24647
24649
24650
24652
24653
24654
24655
24657
24658
24660
24661
24662
24663
24665
24668
24670
24671
24672
24673
24674
24675
24676
24678
24679
24680
24685
24696
24702
24704
24705
24706
24707
24708
24709
24710
24711
24713
24714
24716
24718
24720
24726
24728
24729
24730
24731
24732
24733
24737
24738
24739
24740
24741
24742
24743
24745
24746
24747
24748
24750
24752
24753
24759
24760
24762
24763
24764
24771
24790
24795
24797
24798
24801
24802
24803
24804
24805
24813
24814
24815
24816
24821
24822
24825
24826
24831
24832
24835
24837
24839
24841
24842
24843
24844
24845
24846
24851
24853
24855
24856
24866
24869
24870
24871
24872
24874
24875
24879
24884
24885
24886
24887
24891
24892
24893
24895
24896
24897
24898
24899
24900
24901
24902
24903
24904
24905
24909
24913
24920
24922
24923
24924
24926
24927
24929
24930
24931
24932
24933
24934
24936
24937
24939
24940
24941
24943
24944
24945
24946
24948
24949
24950
24951
24952
24955
24957
24960
24961
24962
24963
24965
24967
24968
24969
24970
24971
24972
24979
24982
24983
24985
24989
24992
24994
24995
24997
25000
25006
25007
25010
25011
25013
25014
25023
25024
25026
25027
25029
25031
25035
25038
25039
25045
25046
25049
25054
25055
25057
25060
25064
25065
25066
25067
25068
25069
25070
25077
25078
25079
25080
25081
25083
25084
25085
25087
25088
25093
25094
25095
25097
25098
25099
25100
25101
25103
25104
25105
25107
25109
25111
25113
25114
25116
25119
25120
25121
25123
25124
25125
25130
25131
25132
25134
25135
25136
25144
25151
25152
25153
25155
25156
25157
25158
25159
25161
25163
25164
25165
25166
25167
25169
25170
25173
25174
25184
25186
25187
25188
25189
25190
25191
25192
25193
25196
25197
25202
25205
25206
25207
25208
25209
25210
25211
25212
25213
25216
25217
25221
25223
25232
25234
25235
25236
25238
25239
25240
25242
25243
25244
25245
25246
25247
25248
25249
25250
25252
25253
25255
25256
25257
25258
25259
25260
25262
25263
25265
25266
25267
25268
25269
25270
25271
25272
25273
25274
25275
25276
25277
25278
25279
25280
25302
25305
25306
25310
25313
25314
25315
25316
25317
25321
25322
25324
25325
25326
25327
25328
25329
25330
25331
25359
25361
25362
25363
25364
25365
25366
25367
25368
25369
25370
25371
25372
25373
25374
25385
25386
25387
25388
25389
25390
25499
25500
25501
25502
25504
25506
25507
25509
25510
25511
25512
25513
25514
25515
25516
25517
25518
25519
25520
25521
25522
25523
25524
25525
25527
25528
25529
25530
25531
25532
25533
25534
25535
25536
25537
25538
25539
25540
25541
25542
25543
25544
25545
25546
25547
25548
25549
25550
25551
25552
25553
25554
25555
25556
25557
25558
25559
25560
25561
25562
25563
25564
25565
25566
25567
25568
25569
25570
25571
25572
25573
25574
25575
25576
25577
25578
25579
25580
25581
25582
25583
25584
25585
25586
25587
25588
25589
25590
25591
25592
25593
25594
25595
25596
25597
25598
25599
25600
25601
25602
25603
25604
25605
25606
25607
25608
25609
25610
25611
25612
25613
25614
25615
25616
25617
25618
25619
25620
25621
25622
25623
25624
25625
25626
25627
25628
25629
25630
25631
25632
25633
25634
25635
25636
25637
25638
25639
25640
25641
25642
25643
25644
25645
25646
25647
25648
25649
25650
25651
25652
25653
25654
25655
25656
25657
25658
25659
25660
25661
25662
25663
25664
25665
25666
25667
25668
25669
25670
25671
25672
25673
25674
25675
25676
25677
25678
25679
25680
25681
25682
25683
25684
25685
25686
25687
25688
25689
25690
25691
25693
25694
25695
25696
25697
25698
25699
25700
25701
25702
25703
25704
25705
25706
25707
25708
25709
25710
25711
25712
25713
25714
25715
25716
25717
25718
25719
25720
25721
25722
25723
25724
25725
25726
25727
25728
25729
25730
25731
25732
25733
25734
25735
25736
25737
25738
25739
25740
25741
25742
25743
25744
25745
25746
25747
25748
25749
25750
25751
25752
25753
25754
25755
25756
25757
25758
25759
25760
25761
25762
25763
25764
25765
25766
25767
25768
25769
25770
25771
25772
25773
25774
25775
25776
25777
25778
25779
25780
25781
25782
25783
25784
25785
25786
25787
25788
25789
25790
25791
25792
25793
25794
25795
25796
25797
25798
25799
25800
25801
25802
25803
25804
25805
25806
25807
25808
25809
25810
25811
25812
25813
25814
25815
25816
25817
25818
25819
25820
25821
25822
25823
25824
25825
25826
25827
25828
25829
25830
25832
25833
25834
25835
25837
25838
25839
25840
25841
25842
25843
25844
25845
25846
25847
25848
25849
25850
25851
25852
25853
25854
25855
25856
25857
25858
25859
25860
25862
25863
25864
25865
25866
25867
25868
25869
25870
25871
25872
25873
25874
25875
25876
25877
25878
25879
25880
25881
25882
25883
25884
25885
25886
25887
25888
25889
25891
25892
25893
25894
25895
25899
25900
25904
25907
25909
25911
25912
25914
25915
25916
25918
25919
25920
25921
25922
25923
25924
25925
25926
25927
25928
25929
25930
25931
25932
25934
25935
25936
25937
25938
25941
25942
25943
25944
25945
25946
25947
25948
25950
25951
25952
25953
25954
25955
25956
25957
25958
25959
25960
25961
25962
25963
25964
25965
25966
25967
25968
25969
25970
25971
25974
25975
25976
25977
25979
25980
25981
25982
25983
25984
25985
25986
25987
25988
25989
25990
25991
25992
25993
25994
25995
25996
25997
25998
25999
26000
26001
26002
26003
26004
26005
26006
26007
26008
26009
26010
26011
26012
26013
26014
26015
26016
26017
26018
26019
26020
26022
26023
26025
26026
26027
26028
26029
26030
26031
26032
26034
26036
26038
26039
26040
26041
26042
26043
26044
26045
26046
26047
26048
26049
26050
26051
26052
26053
26054
26055
26057
26058
26059
26060
26061
26062
26063
26064
26065
26066
26067
26068
26069
26070
26071
26072
26073
26074
26075
26076
26077
26078
26079
26081
26083
26084
26085
26086
26087
26088
26089
26090
26091
26092
26093
26094
26096
26097
26098
26099
26100
26101
26102
26103
26104
26105
26113
26114
26115
26116
26117
26119
26120
26122
26125
26126
26127
26128
26129
26130
26131
26132
26133
26134
26135
26136
26138
26139
26140
26141
26142
26143
26145
26146
26147
26148
26149
26150
26151
26153
26154
26155
26156
26157
26158
26159
26160
26161
26162
26163
26164
26165
26166
26167
26168
26170
26171
26172
26173
26174
26175
26176
26177
26178
26179
26180
26181
26182
26183
26184
26187
26188
26189
26191
26192
26193
26194
26195
26196
26197
26198
26199
26200
26201
26202
26203
26204
26205
26206
26207
26208
26209
26210
26211
26212
26213
26214
26215
26216
26217
26218
26220
26221
26222
26223
26224
26225
26226
26227
26228
26229
26231
26232
26233
26234
26235
26236
26237
26238
26239
26240
26241
26242
26243
26244
26245
26246
26247
26248
26249
26250
26251
26252
26253
26254
26255
26256
26257
26258
26259
26260
26261
26262
26263
26264
26265
26266
26267
26268
26269
26270
26271
26272
26273
26275
26276
26277
26278
26279
26280
26281
26282
26283
26284
26285
26286
26287
26288
26289
26290
26292
26294
26295
26296
26297
26298
26299
26300
26301
26302
26303
26304
26305
26306
26307
26308
26309
26310
26311
26312
26313
26314
26315
26316
26317
26318
26319
26320
26321
26322
26323
26324
26325
26326
26327
26328
26329
26330
26331
26332
26333
26334
26335
26336
26337
26339
26340
26341
26342
26343
26344
26345
26346
26347
26348
26349
26350
26351
26352
26353
26354
26355
26356
26357
26358
26359
26360
26361
26362
26363
26364
26366
26367
26368
26369
26370
26371
26372
26373
26374
26375
26376
26377
26378
26379
26380
26381
26382
26383
26384
26385
26386
26388
26389
26390
26391
26392
26393
26394
26395
26396
26397
26398
26399
26400
26401
26402
26403
26404
26405
26406
26407
26408
26409
26410
26411
26412
26413
26414
26415
26416
26417
26418
26419
26420
26421
26422
26423
26425
26428
26429
26430
26431
26432
26433
26434
26435
26436
26437
26438
26439
26440
26441
26442
26443
26444
26445
26446
26447
26448
26449
26450
26451
26452
26453
26454
26455
26456
26457
26458
26459
26460
26461
26462
26463
26464
26465
26466
26467
26468
26469
26470
26471
26472
26473
26474
26475
26476
26477
26478
26479
26480
26481
26482
26483
26484
26485
26486
26487
26489
26490
26491
26492
26493
26495
26497
26498
26499
26500
26501
26502
26503
26504
26506
26507
26508
26509
26510
26511
26512
26513
26514
26515
26516
26517
26518
26519
26520
26521
26522
26523
26525
26526
26527
26528
26529
26530
26531
26532
26533
26535
26536
26537
26538
26539
26540
26541
26542
26543
26544
26545
26546
26547
26548
26549
26550
26551
26552
26553
26554
26555
26556
26557
26559
26560
26561
26562
26563
26564
26565
26566
26567
26568
26570
26572
26573
26574
26575
26576
26577
26578
26579
26580
26581
26582
26583
26584
26585
26586
26588
26589
26590
26591
26592
26593
26594
26595
26597
26598
26599
26600
26601
26602
26603
26604
26605
26606
26608
26609
26610
26611
26612
26613
26614
26615
26616
26617
26618
26619
26620
26621
26622
26623
26624
26625
26626
26628
26629
26630
26631
26632
26633
26635
26636
26637
26638
26639
26640
26641
26642
26643
26644
26645
26646
26647
26648
26649
26650
26651
26652
26653
26654
26655
26656
26657
26658
26659
26660
26661
26662
26663
26664
26665
26666
26667
26668
26669
26670
26671
26673
26674
26675
26677
26678
26679
26680
26681
26683
26684
26685
26686
26688
26689
26690
26691
26692
26693
26694
26695
26696
26697
26699
26700
26701
26702
26703
26704
26705
26706
26707
26708
26709
26710
26711
26712
26713
26714
26715
26716
26717
26718
26719
26720
26721
26722
26723
26724
26725
26726
26728
26729
26730
26731
26732
26733
26734
26735
26736
26742
26743
26744
26745
26746
26747
26748
26749
26750
26751
26752
26753
26754
26755
26756
26757
26758
26760
26761
26762
26763
26764
26765
26766
26767
26768
26769
26770
26771
26772
26773
26774
26775
26776
26777
26783
26784
26785
26786
26787
26788
26789
26790
26791
26792
26793
26795
26796
26798
26799
26802
26803
26804
26806
26807
26808
26809
26810
26812
26813
26814
26815
26817
26818
26819
26820
26821
26822
26824
26825
26826
26827
26828
26829
26830
26831
26832
26833
26834
26836
26837
26838
26839
26840
26841
26842
26843
26844
26847
26848
26849
26850
26851
26852
26853
26854
26855
26856
26857
26858
26859
26860
26861
26862
26863
26864
26865
26866
26867
26868
26869
26870
26871
26872
26873
26875
26876
26877
26878
26879
26880
26881
26882
26883
26884
26885
26886
26887
26888
26889
26890
26891
26892
26893
26894
26895
26896
26898
26899
26900
26901
26902
26903
26904
26905
26906
26907
26908
26909
26910
26911
26912
26913
26914
26915
26916
26917
26919
26920
26921
26923
26924
26925
26926
26927
26928
26929
26930
26931
26932
26933
26934
26935
26936
26937
26938
26939
26940
26941
26942
26943
26944
26945
26946
26947
26948
26949
26950
26951
26952
26953
26954
26955
26956
26957
26958
26959
26960
26961
26962
26963
26964
26965
26966
26967
26968
26969
26970
26971
26972
26973
26974
26975
26976
26977
26978
26979
26980
26981
26982
26983
26984
26985
26986
26987
26988
26989
26990
26991
26992
26993
26994
26995
26996
26997
26998
26999
27000
27001
27002
27003
27004
27005
27006
27007
27008
27009
27010
27011
27012
27013
27014
27015
27016
27017
27018
27019
27020
27021
27022
27023
27024
27025
27026
27027
27028
27029
27030
27031
27032
27033
27034
27035
27036
27037
27038
27039
27040
27041
27042
27043
27044
27045
27046
27047
27048
27049
27050
27051
27052
27053
27054
27055
27056
27057
27058
27059
27060
27061
27062
27063
27064
27065
27066
27067
27068
27069
27070
27071
27072
27073
27074
27075
27076
27077
27078
27081
27082
27083
27084
27085
27086
27088
27089
27090
27091
27092
27093
27094
27095
27096
27097
27098
27099
27100
27101
27102
27103
27104
27105
27106
27107
27108
27109
27110
27111
27112
27113
27114
27115
27116
27117
27118
27119
27120
27121
27122
27123
27124
27125
27126
27127
